4182119424
12166529024
12762815625
20113571875
33554432
12762815625
20113571875
33554432
8587340257
20113571875
20113571875
12762815625
11592740743
16105100000
15386239549
10510100501
16105100000
21003416576
33554432
312500000
33554432
16850581551
11040808032
33554432
16850581551
21924480357
19254145824
33554432
9509900499
19254145824
25937424601
17623416832
21003416576
16850581551
11592740743
19254145824
8587340257
17623416832
12166529024
25937424601
33554432
9509900499
16850581551
21924480357
19254145824
20113571875
10510100501
33554432
11040808032
16850581551
19254145824
33554432
1680700000
8587340257
14693280768
14693280768
33554432
312500000
254803968
282475249
380204032
205962976
100000
2073071593
16105100000
33554432
21003416576
12166529024
12762815625
20113571875
33554432
8587340257
20113571875
20113571875
12762815625
11592740743
16105100000
15386239549
10510100501
16105100000
21003416576
164916224
33554432
23863536599
19254145824
12762815625
21003416576
10510100501
33554432
25937424601
16850581551
21924480357
19254145824
33554432
16850581551
23863536599
16105100000
33554432
12762815625
15386239549
17623416832
14693280768
10510100501
15386239549
10510100501
16105100000
21003416576
8587340257
21003416576
12762815625
16850581551
16105100000
33554432
16850581551
11040808032
33554432
21003416576
12166529024
10510100501
33554432
3707398432
3939040643
1160290625
33554432
100000
9509900499
19254145824
25937424601
17623416832
21003416576
16850581551
11592740743
19254145824
8587340257
17623416832
12166529024
12762815625
9509900499
33554432
20113571875
25937424601
20113571875
21003416576
10510100501
15386239549
33554432
12762815625
16105100000
33554432
8587340257
16105100000
25937424601
33554432
17623416832
19254145824
16850581551
11592740743
19254145824
8587340257
15386239549
15386239549
12762815625
16105100000
11592740743
33554432
14693280768
8587340257
16105100000
11592740743
21924480357
8587340257
11592740743
10510100501
33554432
16850581551
11040808032
33554432
25937424601
16850581551
21924480357
19254145824
33554432
9509900499
12166529024
16850581551
12762815625
9509900499
10510100501
205962976
100000
1252332576
21924480357
21003416576
33554432
8587340257
14693280768
14693280768
16850581551
23863536599
33554432
21003416576
12166529024
10510100501
33554432
21924480357
20113571875
10510100501
19254145824
33554432
21003416576
12166529024
10510100501
33554432
11040808032
19254145824
10510100501
10510100501
10000000000
16850581551
15386239549
33554432
21003416576
16850581551
33554432
9509900499
12166529024
16850581551
16850581551
20113571875
10510100501
33554432
21003416576
12166529024
10510100501
12762815625
19254145824
33554432
16850581551
23863536599
16105100000
33554432
9039207968
12762815625
21003416576
184528125
14693280768
10510100501
16105100000
11592740743
21003416576
12166529024
33554432
11040808032
16850581551
19254145824
33554432
21003416576
12166529024
10510100501
100000
17623416832
19254145824
12762815625
15386239549
10510100501
33554432
16105100000
21924480357
15386239549
9039207968
10510100501
19254145824
20113571875
205962976
33554432
5584059449
16850581551
21924480357
19254145824
33554432
20113571875
25937424601
20113571875
21003416576
10510100501
15386239549
33554432
20113571875
12166529024
16850581551
21924480357
14693280768
10000000000
33554432
8587340257
14693280768
20113571875
16850581551
33554432
10510100501
16105100000
9509900499
19254145824
25937424601
17623416832
21003416576
33554432
16850581551
16105100000
14693280768
25937424601
33554432
20113571875
12762815625
16105100000
11592740743
14693280768
10510100501
33554432
1160290625
3939040643
1350125107
2073071593
2073071593
33554432
9509900499
12166529024
8587340257
19254145824
8587340257
9509900499
21003416576
10510100501
19254145824
20113571875
33554432
100000
11040808032
19254145824
16850581551
15386239549
33554432
21003416576
10510100501
24883200000
21003416576
33554432
11040808032
12762815625
14693280768
10510100501
20113571875
33554432
23863536599
12762815625
21003416576
12166529024
16850581551
21924480357
21003416576
33554432
20113571875
8587340257
14693280768
21003416576
12762815625
16105100000
11592740743
205962976
100000
5584059449
16850581551
21924480357
19254145824
33554432
17623416832
19254145824
16850581551
11592740743
19254145824
8587340257
15386239549
33554432
20113571875
12166529024
16850581551
21924480357
14693280768
10000000000
33554432
21003416576
8587340257
14025517307
10510100501
33554432
11040808032
16850581551
21924480357
19254145824
33554432
12762815625
16105100000
17623416832
21924480357
21003416576
33554432
17623416832
8587340257
19254145824
8587340257
15386239549
10510100501
21003416576
10510100501
19254145824
20113571875
656356768
33554432
8587340257
33554432
17623416832
14693280768
8587340257
12762815625
16105100000
21003416576
10510100501
24883200000
21003416576
33554432
11040808032
12762815625
14693280768
10510100501
16105100000
8587340257
15386239549
10510100501
164916224
33554432
100000
8587340257
33554432
9509900499
12762815625
17623416832
12166529024
10510100501
19254145824
21003416576
10510100501
24883200000
21003416576
33554432
11040808032
12762815625
14693280768
10510100501
16105100000
8587340257
15386239549
10510100501
164916224
33554432
8587340257
16105100000
10000000000
33554432
8587340257
33554432
11040808032
12762815625
14693280768
10510100501
16105100000
8587340257
15386239549
10510100501
33554432
11040808032
16850581551
19254145824
33554432
21003416576
12166529024
10510100501
33554432
10000000000
10510100501
9509900499
19254145824
25937424601
17623416832
21003416576
10510100501
10000000000
33554432
21003416576
10510100501
24883200000
21003416576
164916224
33554432
8587340257
16105100000
10000000000
33554432
100000
8587340257
33554432
9039207968
12762815625
21003416576
184528125
14693280768
10510100501
16105100000
11592740743
21003416576
12166529024
33554432
17623416832
8587340257
19254145824
8587340257
15386239549
10510100501
21003416576
10510100501
19254145824
205962976
33554432
4182119424
12166529024
10510100501
33554432
9509900499
12762815625
17623416832
12166529024
10510100501
19254145824
21003416576
10510100501
24883200000
21003416576
33554432
20113571875
12166529024
16850581551
21924480357
14693280768
10000000000
33554432
9039207968
10510100501
33554432
8587340257
16105100000
33554432
1160290625
3939040643
1350125107
2073071593
2073071593
33554432
11040808032
12762815625
14693280768
10510100501
33554432
21003416576
12166529024
8587340257
21003416576
33554432
100000
12762815625
20113571875
33554432
8587340257
33554432
20113571875
10510100501
18424351793
21924480357
10510100501
16105100000
9509900499
10510100501
33554432
16850581551
11040808032
33554432
16105100000
21924480357
15386239549
9039207968
10510100501
19254145824
20113571875
33554432
20113571875
10510100501
17623416832
8587340257
19254145824
8587340257
21003416576
10510100501
10000000000
33554432
9039207968
25937424601
33554432
16105100000
10510100501
23863536599
14693280768
12762815625
16105100000
10510100501
20113571875
205962976
33554432
100000
2073071593
16105100000
33554432
21003416576
12166529024
10510100501
33554432
20113571875
21924480357
9039207968
15386239549
12762815625
20113571875
20113571875
12762815625
16850581551
16105100000
164916224
33554432
17623416832
14693280768
10510100501
8587340257
20113571875
10510100501
33554432
20113571875
10510100501
16105100000
10000000000
33554432
21003416576
12166529024
12762815625
20113571875
33554432
21003416576
10510100501
24883200000
21003416576
33554432
11040808032
12762815625
14693280768
10510100501
33554432
9039207968
8587340257
9509900499
14025517307
33554432
9039207968
25937424601
33554432
10510100501
15386239549
8587340257
12762815625
14693280768
33554432
8587340257
20113571875
33554432
8587340257
33554432
21003416576
10510100501
24883200000
21003416576
33554432
100000
11040808032
12762815625
14693280768
10510100501
33554432
10510100501
16105100000
9509900499
19254145824
25937424601
17623416832
21003416576
10510100501
10000000000
33554432
21924480357
20113571875
12762815625
16105100000
11592740743
33554432
25937424601
16850581551
21924480357
19254145824
33554432
16850581551
23863536599
16105100000
33554432
3707398432
3939040643
1160290625
33554432
17623416832
21924480357
9039207968
14693280768
12762815625
9509900499
33554432
14025517307
10510100501
25937424601
20113571875
205962976
33554432
2073071593
16105100000
33554432
21003416576
12166529024
10510100501
33554432
10510100501
15386239549
8587340257
12762815625
14693280768
164916224
33554432
20113571875
17623416832
10510100501
9509900499
12762815625
11040808032
25937424601
33554432
100000
21003416576
12166529024
10510100501
33554432
3707398432
3939040643
1160290625
33554432
15386239549
16850581551
10000000000
21924480357
14693280768
21924480357
20113571875
33554432
8587340257
16105100000
10000000000
33554432
21003416576
12166529024
10510100501
33554432
20113571875
10510100501
9509900499
19254145824
10510100501
21003416576
33554432
10510100501
24883200000
17623416832
16850581551
16105100000
10510100501
16105100000
21003416576
33554432
19254145824
10510100501
18424351793
21924480357
12762815625
19254145824
10510100501
10000000000
33554432
21003416576
16850581551
33554432
10000000000
10510100501
9509900499
19254145824
25937424601
17623416832
21003416576
33554432
21003416576
12166529024
10510100501
33554432
11040808032
12762815625
14693280768
10510100501
33554432
100000
20113571875
16850581551
33554432
25937424601
16850581551
21924480357
19254145824
33554432
11040808032
12762815625
14693280768
10510100501
33554432
9509900499
8587340257
16105100000
33554432
9039207968
10510100501
33554432
10000000000
10510100501
9509900499
19254145824
25937424601
17623416832
21003416576
10510100501
10000000000
33554432
17623416832
19254145824
16850581551
17623416832
10510100501
19254145824
14693280768
25937424601
205962976
33554432
100000
1160290625
20113571875
33554432
8587340257
33554432
9039207968
16850581551
16105100000
21924480357
20113571875
164916224
33554432
12762815625
15386239549
17623416832
14693280768
10510100501
15386239549
10510100501
16105100000
21003416576
33554432
16850581551
16105100000
10510100501
33554432
16850581551
11040808032
33554432
21003416576
12166529024
10510100501
33554432
11040808032
8587340257
20113571875
21003416576
10510100501
19254145824
33554432
14025517307
16105100000
16850581551
23863536599
16105100000
33554432
8587340257
14693280768
11592740743
16850581551
19254145824
12762815625
21003416576
12166529024
15386239549
20113571875
33554432
11040808032
16850581551
19254145824
33554432
11040808032
8587340257
9509900499
21003416576
16850581551
19254145824
12762815625
16105100000
11592740743
100000
12762815625
16105100000
21003416576
10510100501
11592740743
10510100501
19254145824
20113571875
205962976
33554432
5584059449
16850581551
21924480357
33554432
15386239549
12762815625
11592740743
12166529024
21003416576
33554432
12166529024
8587340257
22877577568
10510100501
33554432
21003416576
16850581551
33554432
19254145824
10510100501
20113571875
10510100501
8587340257
19254145824
9509900499
12166529024
33554432
8587340257
33554432
9039207968
12762815625
21003416576
33554432
16850581551
11040808032
33554432
14693280768
12762815625
21003416576
10510100501
19254145824
8587340257
21003416576
21924480357
19254145824
10510100501
33554432
12166529024
10510100501
19254145824
10510100501
205962976
